91
197
174
198
84
124
99
94
35
55
197
180
37
153
49
155
82
95
177
193
171
70
23
142
71
20
80
57
42
136
124
133
132
98
130
16
22
29
110
56
83
106
36
120
58
85
74
140
179
51
133
150
121
155
91
191
175
171
48
16
106
172
148
38
69
78
54
90
107
163
146
189
68
182
108
126
66
182
66
45
33
198
195
153
153
86
143
127
56
191
143
162
162
91
200
30
169
53
120
75
16
66
63
84
48
171
9
114
152
75
159
185
73
153
137
25
38
80
152
94
70
94
56
31
184
55
61
153
108
181
27
123
47
90
6
94
60
15
7
12
89
166
196
161
118
133
186
156
12
137
50
82
30
105
112
14
160
173
166
68
153
193
190
199
82
196
93
141
11
100
153
100
65
148
61
183
81
46
139
92
182
188
173
12
93
85
26
53
57
192
120
10
185
110
9
66
106
102
7
116